{"mode":"postflop-hist","n_clusters":16,"ochs_postflop_training_seed":"0x0cc85eedc2d222a0","n_rivers_sampled":1000,"evaluator":"NaiveHandEvaluator","representative_hole":[["2s","2h"],["3s","3h"],["4s","4h"],["5s","5h"],["6s","6h"],["7s","7h"],["8s","8h"],["9s","9h"],["Ts","Th"],["Js","Jh"],["Qs","Qh"],["Ks","Kh"],["As","Ah"],["3s","2s"],["4s","2s"],["4s","3s"],["5s","2s"],["5s","3s"],["5s","4s"],["6s","2s"],["6s","3s"],["6s","4s"],["6s","5s"],["7s","2s"],["7s","3s"],["7s","4s"],["7s","5s"],["7s","6s"],["8s","2s"],["8s","3s"],["8s","4s"],["8s","5s"],["8s","6s"],["8s","7s"],["9s","2s"],["9s","3s"],["9s","4s"],["9s","5s"],["9s","6s"],["9s","7s"],["9s","8s"],["Ts","2s"],["Ts","3s"],["Ts","4s"],["Ts","5s"],["Ts","6s"],["Ts","7s"],["Ts","8s"],["Ts","9s"],["Js","2s"],["Js","3s"],["Js","4s"],["Js","5s"],["Js","6s"],["Js","7s"],["Js","8s"],["Js","9s"],["Js","Ts"],["Qs","2s"],["Qs","3s"],["Qs","4s"],["Qs","5s"],["Qs","6s"],["Qs","7s"],["Qs","8s"],["Qs","9s"],["Qs","Ts"],["Qs","Js"],["Ks","2s"],["Ks","3s"],["Ks","4s"],["Ks","5s"],["Ks","6s"],["Ks","7s"],["Ks","8s"],["Ks","9s"],["Ks","Ts"],["Ks","Js"],["Ks","Qs"],["As","2s"],["As","3s"],["As","4s"],["As","5s"],["As","6s"],["As","7s"],["As","8s"],["As","9s"],["As","Ts"],["As","Js"],["As","Qs"],["As","Ks"],["3s","2h"],["4s","2h"],["4s","3h"],["5s","2h"],["5s","3h"],["5s","4h"],["6s","2h"],["6s","3h"],["6s","4h"],["6s","5h"],["7s","2h"],["7s","3h"],["7s","4h"],["7s","5h"],["7s","6h"],["8s","2h"],["8s","3h"],["8s","4h"],["8s","5h"],["8s","6h"],["8s","7h"],["9s","2h"],["9s","3h"],["9s","4h"],["9s","5h"],["9s","6h"],["9s","7h"],["9s","8h"],["Ts","2h"],["Ts","3h"],["Ts","4h"],["Ts","5h"],["Ts","6h"],["Ts","7h"],["Ts","8h"],["Ts","9h"],["Js","2h"],["Js","3h"],["Js","4h"],["Js","5h"],["Js","6h"],["Js","7h"],["Js","8h"],["Js","9h"],["Js","Th"],["Qs","2h"],["Qs","3h"],["Qs","4h"],["Qs","5h"],["Qs","6h"],["Qs","7h"],["Qs","8h"],["Qs","9h"],["Qs","Th"],["Qs","Jh"],["Ks","2h"],["Ks","3h"],["Ks","4h"],["Ks","5h"],["Ks","6h"],["Ks","7h"],["Ks","8h"],["Ks","9h"],["Ks","Th"],["Ks","Jh"],["Ks","Qh"],["As","2h"],["As","3h"],["As","4h"],["As","5h"],["As","6h"],["As","7h"],["As","8h"],["As","9h"],["As","Th"],["As","Jh"],["As","Qh"],["As","Kh"]],"class_labels":["22","33","44","55","66","77","88","99","TT","JJ","QQ","KK","AA","32s","42s","43s","52s","53s","54s","62s","63s","64s","65s","72s","73s","74s","75s","76s","82s","83s","84s","85s","86s","87s","92s","93s","94s","95s","96s","97s","98s","T2s","T3s","T4s","T5s","T6s","T7s","T8s","T9s","J2s","J3s","J4s","J5s","J6s","J7s","J8s","J9s","JTs","Q2s","Q3s","Q4s","Q5s","Q6s","Q7s","Q8s","Q9s","QTs","QJs","K2s","K3s","K4s","K5s","K6s","K7s","K8s","K9s","KTs","KJs","KQs","A2s","A3s","A4s","A5s","A6s","A7s","A8s","A9s","ATs","AJs","AQs","AKs","32o","42o","43o","52o","53o","54o","62o","63o","64o","65o","72o","73o","74o","75o","76o","82o","83o","84o","85o","86o","87o","92o","93o","94o","95o","96o","97o","98o","T2o","T3o","T4o","T5o","T6o","T7o","T8o","T9o","J2o","J3o","J4o","J5o","J6o","J7o","J8o","J9o","JTo","Q2o","Q3o","Q4o","Q5o","Q6o","Q7o","Q8o","Q9o","QTo","QJo","K2o","K3o","K4o","K5o","K6o","K7o","K8o","K9o","KTo","KJo","KQo","A2o","A3o","A4o","A5o","A6o","A7o","A8o","A9o","ATo","AJo","AQo","AKo"],"ehs_mean_per_class":[0.496471,0.531549,0.566403,0.604590,0.626105,0.660065,0.696009,0.722033,0.754858,0.779122,0.792796,0.825280,0.848683,0.373383,0.395485,0.370013,0.386228,0.410063,0.412992,0.361609,0.401620,0.412561,0.442643,0.385994,0.401920,0.437326,0.433302,0.460278,0.411277,0.398338,0.436801,0.437378,0.472725,0.469995,0.432668,0.397540,0.434147,0.467217,0.473955,0.492982,0.519776,0.462555,0.449789,0.465549,0.471302,0.484926,0.497880,0.515906,0.530618,0.478789,0.482401,0.491884,0.500909,0.510873,0.539302,0.538000,0.541023,0.563181,0.509586,0.513595,0.521031,0.525951,0.528117,0.555503,0.571015,0.577345,0.580208,0.598443,0.522828,0.548155,0.564619,0.559661,0.565111,0.576662,0.581984,0.594228,0.615964,0.625304,0.629932,0.577771,0.588539,0.590823,0.591243,0.589680,0.629658,0.616185,0.641967,0.630918,0.644942,0.664155,0.676462,0.319534,0.312245,0.350131,0.347494,0.367780,0.382212,0.343508,0.359204,0.394076,0.391331,0.329619,0.367615,0.378930,0.412062,0.428688,0.377678,0.368089,0.378020,0.426104,0.424250,0.430667,0.371655,0.394745,0.402408,0.426444,0.439313,0.478270,0.474906,0.420391,0.426436,0.454510,0.436830,0.446580,0.472826,0.494051,0.513724,0.439096,0.457637,0.465590,0.469598,0.480169,0.505927,0.524217,0.523932,0.545459,0.458986,0.479333,0.510264,0.506372,0.511134,0.502441,0.530056,0.552405,0.571670,0.582783,0.509695,0.520089,0.518990,0.527301,0.544407,0.550062,0.580218,0.590140,0.583951,0.597991,0.616382,0.530676,0.560570,0.565714,0.577340,0.575569,0.602164,0.600108,0.616273,0.623668,0.632418,0.662331,0.673140],"equity_hist_per_class":[[0.023000,0.046000,0.317000,0.238000,0.159000,0.041000,0.021000,0.155000],[0.025000,0.032000,0.204000,0.310000,0.184000,0.053000,0.033000,0.159000],[0.015000,0.027000,0.114000,0.303000,0.248000,0.104000,0.030000,0.159000],[0.016000,0.018000,0.079000,0.225000,0.272000,0.170000,0.043000,0.177000],[0.015000,0.011000,0.051000,0.165000,0.358000,0.180000,0.046000,0.174000],[0.000000,0.008000,0.041000,0.091000,0.335000,0.257000,0.100000,0.168000],[0.000000,0.002000,0.019000,0.050000,0.277000,0.327000,0.146000,0.179000],[0.000000,0.000000,0.007000,0.035000,0.203000,0.397000,0.170000,0.188000],[0.000000,0.000000,0.006000,0.026000,0.121000,0.368000,0.255000,0.224000],[0.000000,0.000000,0.004000,0.018000,0.056000,0.329000,0.365000,0.228000],[0.000000,0.000000,0.002000,0.024000,0.055000,0.263000,0.416000,0.240000],[0.000000,0.000000,0.000000,0.010000,0.049000,0.145000,0.494000,0.302000],[0.000000,0.000000,0.001000,0.002000,0.049000,0.086000,0.472000,0.390000],[0.390000,0.038000,0.051000,0.179000,0.120000,0.027000,0.029000,0.166000],[0.349000,0.036000,0.055000,0.189000,0.138000,0.044000,0.026000,0.163000],[0.402000,0.040000,0.044000,0.153000,0.136000,0.045000,0.033000,0.147000],[0.379000,0.040000,0.040000,0.171000,0.140000,0.038000,0.030000,0.162000],[0.364000,0.037000,0.042000,0.124000,0.170000,0.064000,0.025000,0.174000],[0.371000,0.031000,0.041000,0.115000,0.161000,0.073000,0.036000,0.172000],[0.416000,0.035000,0.056000,0.143000,0.150000,0.048000,0.027000,0.125000],[0.398000,0.031000,0.035000,0.097000,0.181000,0.061000,0.033000,0.164000],[0.379000,0.042000,0.037000,0.104000,0.168000,0.065000,0.036000,0.169000],[0.352000,0.028000,0.033000,0.082000,0.202000,0.086000,0.035000,0.182000],[0.399000,0.039000,0.045000,0.136000,0.153000,0.058000,0.041000,0.129000],[0.383000,0.047000,0.046000,0.105000,0.166000,0.065000,0.032000,0.156000],[0.359000,0.035000,0.027000,0.102000,0.182000,0.090000,0.035000,0.170000],[0.367000,0.042000,0.029000,0.072000,0.207000,0.079000,0.037000,0.167000],[0.350000,0.044000,0.026000,0.040000,0.185000,0.123000,0.055000,0.177000],[0.291000,0.128000,0.056000,0.132000,0.136000,0.072000,0.046000,0.139000],[0.341000,0.107000,0.044000,0.093000,0.172000,0.070000,0.043000,0.130000],[0.279000,0.124000,0.044000,0.112000,0.148000,0.095000,0.036000,0.162000],[0.315000,0.105000,0.035000,0.067000,0.174000,0.097000,0.047000,0.160000],[0.278000,0.108000,0.038000,0.040000,0.162000,0.139000,0.055000,0.180000],[0.238000,0.158000,0.023000,0.042000,0.154000,0.158000,0.057000,0.170000],[0.182000,0.211000,0.077000,0.119000,0.116000,0.101000,0.049000,0.145000],[0.213000,0.241000,0.068000,0.122000,0.107000,0.081000,0.039000,0.129000],[0.197000,0.214000,0.065000,0.088000,0.143000,0.102000,0.038000,0.153000],[0.188000,0.171000,0.081000,0.059000,0.149000,0.136000,0.055000,0.161000],[0.204000,0.188000,0.055000,0.041000,0.139000,0.126000,0.065000,0.182000],[0.154000,0.209000,0.058000,0.031000,0.135000,0.173000,0.057000,0.183000],[0.147000,0.203000,0.050000,0.024000,0.090000,0.210000,0.075000,0.201000],[0.120000,0.234000,0.109000,0.112000,0.098000,0.106000,0.050000,0.171000],[0.123000,0.251000,0.102000,0.096000,0.119000,0.101000,0.060000,0.148000],[0.085000,0.256000,0.110000,0.083000,0.146000,0.118000,0.069000,0.133000],[0.081000,0.248000,0.128000,0.077000,0.138000,0.110000,0.070000,0.148000],[0.081000,0.243000,0.118000,0.066000,0.117000,0.145000,0.071000,0.159000],[0.085000,0.223000,0.125000,0.051000,0.117000,0.160000,0.077000,0.162000],[0.094000,0.218000,0.115000,0.027000,0.063000,0.220000,0.089000,0.174000],[0.076000,0.215000,0.137000,0.028000,0.047000,0.193000,0.106000,0.198000],[0.106000,0.210000,0.127000,0.120000,0.116000,0.103000,0.061000,0.157000],[0.079000,0.254000,0.116000,0.089000,0.123000,0.106000,0.080000,0.153000],[0.058000,0.260000,0.126000,0.082000,0.110000,0.135000,0.075000,0.154000],[0.045000,0.245000,0.155000,0.076000,0.116000,0.115000,0.086000,0.162000],[0.027000,0.258000,0.153000,0.055000,0.110000,0.144000,0.087000,0.166000],[0.031000,0.204000,0.171000,0.048000,0.098000,0.162000,0.109000,0.177000],[0.041000,0.192000,0.183000,0.034000,0.078000,0.182000,0.129000,0.161000],[0.049000,0.194000,0.175000,0.047000,0.038000,0.179000,0.137000,0.181000],[0.045000,0.136000,0.218000,0.046000,0.027000,0.162000,0.156000,0.210000],[0.061000,0.182000,0.180000,0.151000,0.076000,0.079000,0.096000,0.175000],[0.045000,0.205000,0.162000,0.121000,0.120000,0.099000,0.087000,0.161000],[0.043000,0.172000,0.198000,0.110000,0.114000,0.096000,0.116000,0.151000],[0.026000,0.225000,0.165000,0.086000,0.120000,0.109000,0.106000,0.163000],[0.012000,0.190000,0.212000,0.080000,0.133000,0.126000,0.103000,0.144000],[0.012000,0.183000,0.190000,0.075000,0.101000,0.144000,0.109000,0.186000],[0.017000,0.147000,0.219000,0.060000,0.068000,0.149000,0.160000,0.180000],[0.023000,0.140000,0.200000,0.078000,0.054000,0.158000,0.156000,0.191000],[0.026000,0.133000,0.190000,0.097000,0.043000,0.135000,0.173000,0.203000],[0.022000,0.106000,0.176000,0.127000,0.033000,0.106000,0.225000,0.205000],[0.016000,0.120000,0.253000,0.190000,0.086000,0.061000,0.129000,0.145000],[0.013000,0.101000,0.228000,0.161000,0.116000,0.079000,0.164000,0.138000],[0.008000,0.098000,0.213000,0.161000,0.120000,0.088000,0.147000,0.165000],[0.007000,0.103000,0.223000,0.139000,0.135000,0.087000,0.152000,0.154000],[0.004000,0.118000,0.216000,0.134000,0.106000,0.112000,0.154000,0.156000],[0.002000,0.115000,0.207000,0.124000,0.104000,0.132000,0.165000,0.151000],[0.005000,0.086000,0.245000,0.118000,0.083000,0.139000,0.159000,0.165000],[0.005000,0.088000,0.218000,0.141000,0.070000,0.123000,0.198000,0.157000],[0.006000,0.093000,0.187000,0.124000,0.061000,0.113000,0.224000,0.192000],[0.010000,0.082000,0.188000,0.118000,0.063000,0.098000,0.220000,0.221000],[0.005000,0.080000,0.166000,0.153000,0.061000,0.067000,0.243000,0.225000],[0.003000,0.074000,0.156000,0.266000,0.117000,0.041000,0.184000,0.159000],[0.001000,0.057000,0.145000,0.267000,0.132000,0.052000,0.190000,0.156000],[0.000000,0.050000,0.152000,0.262000,0.124000,0.067000,0.182000,0.163000],[0.001000,0.031000,0.177000,0.247000,0.133000,0.069000,0.193000,0.149000],[0.001000,0.044000,0.174000,0.237000,0.124000,0.100000,0.166000,0.154000],[0.000000,0.031000,0.150000,0.224000,0.086000,0.114000,0.216000,0.179000],[0.000000,0.030000,0.170000,0.236000,0.081000,0.125000,0.191000,0.167000],[0.000000,0.027000,0.151000,0.219000,0.080000,0.105000,0.247000,0.171000],[0.000000,0.036000,0.165000,0.227000,0.077000,0.077000,0.228000,0.190000],[0.000000,0.025000,0.157000,0.191000,0.112000,0.071000,0.228000,0.216000],[0.001000,0.035000,0.157000,0.145000,0.108000,0.058000,0.214000,0.282000],[0.000000,0.028000,0.140000,0.173000,0.103000,0.044000,0.204000,0.308000],[0.410000,0.054000,0.051000,0.221000,0.122000,0.027000,0.019000,0.096000],[0.453000,0.052000,0.054000,0.150000,0.131000,0.046000,0.015000,0.099000],[0.413000,0.039000,0.033000,0.166000,0.166000,0.048000,0.022000,0.113000],[0.413000,0.043000,0.034000,0.162000,0.150000,0.070000,0.037000,0.091000],[0.410000,0.033000,0.026000,0.171000,0.135000,0.075000,0.024000,0.126000],[0.389000,0.036000,0.030000,0.115000,0.200000,0.083000,0.023000,0.124000],[0.431000,0.035000,0.041000,0.155000,0.168000,0.038000,0.033000,0.099000],[0.424000,0.042000,0.038000,0.120000,0.172000,0.061000,0.036000,0.107000],[0.394000,0.041000,0.028000,0.098000,0.183000,0.080000,0.041000,0.135000],[0.409000,0.035000,0.026000,0.067000,0.216000,0.081000,0.044000,0.122000],[0.454000,0.057000,0.041000,0.130000,0.152000,0.054000,0.037000,0.075000],[0.413000,0.041000,0.030000,0.116000,0.184000,0.095000,0.031000,0.090000],[0.422000,0.039000,0.028000,0.094000,0.187000,0.095000,0.025000,0.110000],[0.408000,0.026000,0.035000,0.074000,0.170000,0.097000,0.060000,0.130000],[0.386000,0.037000,0.034000,0.038000,0.176000,0.128000,0.066000,0.135000],[0.322000,0.133000,0.047000,0.124000,0.145000,0.099000,0.038000,0.092000],[0.350000,0.120000,0.043000,0.112000,0.167000,0.090000,0.034000,0.084000],[0.346000,0.124000,0.032000,0.112000,0.154000,0.105000,0.046000,0.081000],[0.308000,0.120000,0.034000,0.076000,0.166000,0.114000,0.054000,0.128000],[0.324000,0.122000,0.030000,0.037000,0.185000,0.123000,0.060000,0.119000],[0.272000,0.175000,0.027000,0.028000,0.141000,0.165000,0.068000,0.124000],[0.232000,0.247000,0.068000,0.101000,0.121000,0.112000,0.039000,0.080000],[0.218000,0.214000,0.074000,0.105000,0.146000,0.106000,0.049000,0.088000],[0.205000,0.232000,0.071000,0.088000,0.156000,0.112000,0.040000,0.096000],[0.188000,0.229000,0.078000,0.051000,0.161000,0.121000,0.058000,0.114000],[0.180000,0.232000,0.065000,0.043000,0.168000,0.134000,0.067000,0.111000],[0.157000,0.229000,0.042000,0.040000,0.126000,0.189000,0.068000,0.149000],[0.185000,0.217000,0.040000,0.021000,0.099000,0.228000,0.075000,0.135000],[0.112000,0.277000,0.108000,0.124000,0.115000,0.111000,0.051000,0.102000],[0.099000,0.280000,0.116000,0.103000,0.130000,0.107000,0.062000,0.103000],[0.075000,0.277000,0.112000,0.086000,0.135000,0.128000,0.067000,0.120000],[0.072000,0.303000,0.117000,0.081000,0.149000,0.116000,0.058000,0.104000],[0.095000,0.274000,0.130000,0.057000,0.131000,0.122000,0.069000,0.122000],[0.090000,0.253000,0.133000,0.035000,0.109000,0.172000,0.071000,0.137000],[0.094000,0.220000,0.140000,0.025000,0.066000,0.226000,0.092000,0.137000],[0.106000,0.209000,0.127000,0.022000,0.049000,0.192000,0.127000,0.168000],[0.090000,0.265000,0.142000,0.132000,0.089000,0.118000,0.069000,0.095000],[0.083000,0.263000,0.144000,0.078000,0.119000,0.128000,0.069000,0.116000],[0.058000,0.258000,0.144000,0.097000,0.138000,0.130000,0.067000,0.108000],[0.044000,0.292000,0.137000,0.074000,0.127000,0.128000,0.089000,0.109000],[0.023000,0.305000,0.158000,0.052000,0.093000,0.149000,0.090000,0.130000],[0.032000,0.238000,0.174000,0.048000,0.106000,0.150000,0.129000,0.123000],[0.050000,0.199000,0.185000,0.036000,0.071000,0.186000,0.131000,0.142000],[0.057000,0.176000,0.196000,0.050000,0.056000,0.192000,0.127000,0.146000],[0.045000,0.160000,0.211000,0.047000,0.031000,0.172000,0.168000,0.166000],[0.064000,0.217000,0.189000,0.142000,0.119000,0.093000,0.088000,0.088000],[0.056000,0.208000,0.179000,0.134000,0.121000,0.104000,0.086000,0.112000],[0.027000,0.200000,0.204000,0.074000,0.134000,0.134000,0.113000,0.114000],[0.027000,0.200000,0.201000,0.097000,0.115000,0.139000,0.116000,0.105000],[0.011000,0.230000,0.200000,0.072000,0.112000,0.140000,0.113000,0.122000],[0.008000,0.217000,0.228000,0.070000,0.110000,0.159000,0.108000,0.100000],[0.024000,0.163000,0.267000,0.053000,0.055000,0.169000,0.139000,0.130000],[0.026000,0.152000,0.210000,0.087000,0.044000,0.165000,0.172000,0.144000],[0.028000,0.134000,0.211000,0.079000,0.046000,0.133000,0.190000,0.179000],[0.018000,0.113000,0.192000,0.119000,0.032000,0.145000,0.209000,0.172000],[0.018000,0.118000,0.254000,0.201000,0.089000,0.061000,0.144000,0.115000],[0.021000,0.134000,0.217000,0.174000,0.106000,0.089000,0.139000,0.120000],[0.007000,0.118000,0.240000,0.176000,0.122000,0.102000,0.133000,0.102000],[0.003000,0.124000,0.250000,0.150000,0.123000,0.100000,0.138000,0.112000],[0.005000,0.103000,0.256000,0.132000,0.119000,0.109000,0.162000,0.114000],[0.001000,0.116000,0.248000,0.130000,0.088000,0.136000,0.176000,0.105000],[0.002000,0.095000,0.230000,0.120000,0.076000,0.150000,0.205000,0.122000],[0.008000,0.087000,0.197000,0.164000,0.054000,0.147000,0.205000,0.138000],[0.008000,0.090000,0.230000,0.146000,0.057000,0.092000,0.237000,0.140000],[0.014000,0.087000,0.213000,0.120000,0.068000,0.086000,0.237000,0.175000],[0.007000,0.088000,0.178000,0.135000,0.071000,0.062000,0.260000,0.199000],[0.001000,0.078000,0.194000,0.312000,0.108000,0.038000,0.174000,0.095000],[0.002000,0.060000,0.181000,0.269000,0.120000,0.057000,0.188000,0.123000],[0.000000,0.048000,0.182000,0.268000,0.125000,0.064000,0.199000,0.114000],[0.000000,0.036000,0.178000,0.254000,0.126000,0.091000,0.203000,0.112000],[0.001000,0.021000,0.201000,0.250000,0.123000,0.102000,0.184000,0.118000],[0.000000,0.018000,0.184000,0.236000,0.089000,0.125000,0.239000,0.109000],[0.000000,0.031000,0.186000,0.230000,0.091000,0.120000,0.235000,0.107000],[0.000000,0.022000,0.173000,0.253000,0.065000,0.138000,0.209000,0.140000],[0.000000,0.025000,0.169000,0.227000,0.093000,0.111000,0.214000,0.161000],[0.000000,0.035000,0.145000,0.199000,0.108000,0.093000,0.254000,0.166000],[0.001000,0.030000,0.148000,0.158000,0.110000,0.055000,0.256000,0.242000],[0.000000,0.021000,0.159000,0.164000,0.083000,0.056000,0.256000,0.261000]],"classes_per_cluster":[[13,14,15,16,19,23,91,92,93,94,95,97,98,101],[17,18,20,21,22,24,25,26,27,96,99,100,102,103,104,105],[28,29,30,31,32,33,106,107,108,109,110,111],[34,35,36,37,38,112,113,114,115,116],[41,42,43,44,45,49,50,51,52,53,59,61,119,120,121,122,123,127,128,129,130,131,136,137],[39,40,46,47,48,117,118,124,125,126],[0],[54,55,56,57,58,60,62,63,64,65,132,133,134,135,138,139,140,141,142,143],[1],[66,67,68,69,70,71,72,73,74,75,76,144,145,146,147,148,149,150,151,152,153,154,155],[2,3],[79,80,81,82,83,84,85,86,87,157,158,159,160,161,162,163,164,165,166],[77,78,88,89,90,156,167,168],[4,5,6],[7,8,9,10],[11,12]],"cluster_labels":[["32s","42s","43s","52s","62s","72s","32o","42o","43o","52o","53o","62o","63o","72o"],["53s","54s","63s","64s","65s","73s","74s","75s","76s","54o","64o","65o","73o","74o","75o","76o"],["82s","83s","84s","85s","86s","87s","82o","83o","84o","85o","86o","87o"],["92s","93s","94s","95s","96s","92o","93o","94o","95o","96o"],["T2s","T3s","T4s","T5s","T6s","J2s","J3s","J4s","J5s","J6s","Q3s","Q5s","T2o","T3o","T4o","T5o","T6o","J2o","J3o","J4o","J5o","J6o","Q2o","Q3o"],["97s","98s","T7s","T8s","T9s","97o","98o","T7o","T8o","T9o"],["22"],["J7s","J8s","J9s","JTs","Q2s","Q4s","Q6s","Q7s","Q8s","Q9s","J7o","J8o","J9o","JTo","Q4o","Q5o","Q6o","Q7o","Q8o","Q9o"],["33"],["QTs","QJs","K2s","K3s","K4s","K5s","K6s","K7s","K8s","K9s","KTs","QTo","QJo","K2o","K3o","K4o","K5o","K6o","K7o","K8o","K9o","KTo","KJo"],["44","55"],["A2s","A3s","A4s","A5s","A6s","A7s","A8s","A9s","ATs","A2o","A3o","A4o","A5o","A6o","A7o","A8o","A9o","ATo","AJo"],["KJs","KQs","AJs","AQs","AKs","KQo","AQo","AKo"],["66","77","88"],["99","TT","JJ","QQ"],["KK","AA"]],"cluster_centroid_hist":[[0.410214,0.041643,0.043500,0.160429,0.145214,0.048500,0.029214,0.121286],[0.384000,0.037000,0.032938,0.090188,0.183625,0.085312,0.038375,0.148562],[0.305333,0.127000,0.037750,0.081250,0.158667,0.110583,0.048667,0.130750],[0.200700,0.217900,0.070200,0.081700,0.140600,0.113100,0.049900,0.125900],[0.072792,0.254500,0.135292,0.092625,0.120792,0.117708,0.073625,0.132667],[0.118800,0.219600,0.096700,0.030400,0.090100,0.196300,0.083700,0.164400],[0.023000,0.046000,0.317000,0.238000,0.159000,0.041000,0.021000,0.155000],[0.032050,0.183750,0.201100,0.068150,0.081050,0.152150,0.129350,0.152400],[0.025000,0.032000,0.204000,0.310000,0.184000,0.053000,0.033000,0.159000],[0.010739,0.107826,0.221478,0.140304,0.084217,0.109783,0.176739,0.148913],[0.015500,0.022500,0.096500,0.264000,0.260000,0.137000,0.036500,0.168000],[0.000526,0.039684,0.170158,0.246474,0.105368,0.088895,0.205053,0.143842],[0.003000,0.048625,0.161625,0.154625,0.088875,0.063875,0.235125,0.244250],[0.005000,0.007000,0.037000,0.102000,0.323333,0.254667,0.097333,0.173667],[0.000000,0.000000,0.004750,0.025750,0.108750,0.339250,0.301500,0.220000],[0.000000,0.000000,0.000500,0.006000,0.049000,0.115500,0.483000,0.346000]],"cluster_centroid_ehs":[0.369696,0.413086,0.417635,0.426500,0.468135,0.499888,0.493250,0.527281,0.522750,0.557538,0.578437,0.590322,0.641391,0.656667,0.758375,0.826562],"cluster_summary":[{"cluster":0,"size":14,"ehs_mean_min":0.312245,"ehs_mean_max":0.395485,"ehs_mean_median":0.360407},{"cluster":1,"size":16,"ehs_mean_min":0.367615,"ehs_mean_max":0.460278,"ehs_mean_median":0.411062},{"cluster":2,"size":12,"ehs_mean_min":0.368089,"ehs_mean_max":0.472725,"ehs_mean_median":0.425177},{"cluster":3,"size":10,"ehs_mean_min":0.371655,"ehs_mean_max":0.473955,"ehs_mean_median":0.429556},{"cluster":4,"size":24,"ehs_mean_min":0.420391,"ehs_mean_max":0.525951,"ehs_mean_median":0.467594},{"cluster":5,"size":10,"ehs_mean_min":0.472826,"ehs_mean_max":0.530618,"ehs_mean_median":0.495965},{"cluster":6,"size":1,"ehs_mean_min":0.496471,"ehs_mean_max":0.496471,"ehs_mean_median":0.496471},{"cluster":7,"size":20,"ehs_mean_min":0.502441,"ehs_mean_max":0.577345,"ehs_mean_median":0.529086},{"cluster":8,"size":1,"ehs_mean_min":0.531549,"ehs_mean_max":0.531549,"ehs_mean_median":0.531549},{"cluster":9,"size":23,"ehs_mean_min":0.509695,"ehs_mean_max":0.615964,"ehs_mean_median":0.571670},{"cluster":10,"size":2,"ehs_mean_min":0.566403,"ehs_mean_max":0.604590,"ehs_mean_median":0.585497},{"cluster":11,"size":19,"ehs_mean_min":0.530676,"ehs_mean_max":0.641967,"ehs_mean_median":0.591243},{"cluster":12,"size":8,"ehs_mean_min":0.616382,"ehs_mean_max":0.676462,"ehs_mean_median":0.653637},{"cluster":13,"size":3,"ehs_mean_min":0.626105,"ehs_mean_max":0.696009,"ehs_mean_median":0.660065},{"cluster":14,"size":4,"ehs_mean_min":0.722033,"ehs_mean_max":0.792796,"ehs_mean_median":0.766990},{"cluster":15,"size":2,"ehs_mean_min":0.825280,"ehs_mean_max":0.848683,"ehs_mean_median":0.836982}]}
