{"mode":"postflop-hist","n_clusters":8,"ochs_postflop_training_seed":"0x0cc85eedc2d222a0","n_rivers_sampled":10000,"evaluator":"NaiveHandEvaluator","representative_hole":[["2s","2h"],["3s","3h"],["4s","4h"],["5s","5h"],["6s","6h"],["7s","7h"],["8s","8h"],["9s","9h"],["Ts","Th"],["Js","Jh"],["Qs","Qh"],["Ks","Kh"],["As","Ah"],["3s","2s"],["4s","2s"],["4s","3s"],["5s","2s"],["5s","3s"],["5s","4s"],["6s","2s"],["6s","3s"],["6s","4s"],["6s","5s"],["7s","2s"],["7s","3s"],["7s","4s"],["7s","5s"],["7s","6s"],["8s","2s"],["8s","3s"],["8s","4s"],["8s","5s"],["8s","6s"],["8s","7s"],["9s","2s"],["9s","3s"],["9s","4s"],["9s","5s"],["9s","6s"],["9s","7s"],["9s","8s"],["Ts","2s"],["Ts","3s"],["Ts","4s"],["Ts","5s"],["Ts","6s"],["Ts","7s"],["Ts","8s"],["Ts","9s"],["Js","2s"],["Js","3s"],["Js","4s"],["Js","5s"],["Js","6s"],["Js","7s"],["Js","8s"],["Js","9s"],["Js","Ts"],["Qs","2s"],["Qs","3s"],["Qs","4s"],["Qs","5s"],["Qs","6s"],["Qs","7s"],["Qs","8s"],["Qs","9s"],["Qs","Ts"],["Qs","Js"],["Ks","2s"],["Ks","3s"],["Ks","4s"],["Ks","5s"],["Ks","6s"],["Ks","7s"],["Ks","8s"],["Ks","9s"],["Ks","Ts"],["Ks","Js"],["Ks","Qs"],["As","2s"],["As","3s"],["As","4s"],["As","5s"],["As","6s"],["As","7s"],["As","8s"],["As","9s"],["As","Ts"],["As","Js"],["As","Qs"],["As","Ks"],["3s","2h"],["4s","2h"],["4s","3h"],["5s","2h"],["5s","3h"],["5s","4h"],["6s","2h"],["6s","3h"],["6s","4h"],["6s","5h"],["7s","2h"],["7s","3h"],["7s","4h"],["7s","5h"],["7s","6h"],["8s","2h"],["8s","3h"],["8s","4h"],["8s","5h"],["8s","6h"],["8s","7h"],["9s","2h"],["9s","3h"],["9s","4h"],["9s","5h"],["9s","6h"],["9s","7h"],["9s","8h"],["Ts","2h"],["Ts","3h"],["Ts","4h"],["Ts","5h"],["Ts","6h"],["Ts","7h"],["Ts","8h"],["Ts","9h"],["Js","2h"],["Js","3h"],["Js","4h"],["Js","5h"],["Js","6h"],["Js","7h"],["Js","8h"],["Js","9h"],["Js","Th"],["Qs","2h"],["Qs","3h"],["Qs","4h"],["Qs","5h"],["Qs","6h"],["Qs","7h"],["Qs","8h"],["Qs","9h"],["Qs","Th"],["Qs","Jh"],["Ks","2h"],["Ks","3h"],["Ks","4h"],["Ks","5h"],["Ks","6h"],["Ks","7h"],["Ks","8h"],["Ks","9h"],["Ks","Th"],["Ks","Jh"],["Ks","Qh"],["As","2h"],["As","3h"],["As","4h"],["As","5h"],["As","6h"],["As","7h"],["As","8h"],["As","9h"],["As","Th"],["As","Jh"],["As","Qh"],["As","Kh"]],"class_labels":["22","33","44","55","66","77","88","99","TT","JJ","QQ","KK","AA","32s","42s","43s","52s","53s","54s","62s","63s","64s","65s","72s","73s","74s","75s","76s","82s","83s","84s","85s","86s","87s","92s","93s","94s","95s","96s","97s","98s","T2s","T3s","T4s","T5s","T6s","T7s","T8s","T9s","J2s","J3s","J4s","J5s","J6s","J7s","J8s","J9s","JTs","Q2s","Q3s","Q4s","Q5s","Q6s","Q7s","Q8s","Q9s","QTs","QJs","K2s","K3s","K4s","K5s","K6s","K7s","K8s","K9s","KTs","KJs","KQs","A2s","A3s","A4s","A5s","A6s","A7s","A8s","A9s","ATs","AJs","AQs","AKs","32o","42o","43o","52o","53o","54o","62o","63o","64o","65o","72o","73o","74o","75o","76o","82o","83o","84o","85o","86o","87o","92o","93o","94o","95o","96o","97o","98o","T2o","T3o","T4o","T5o","T6o","T7o","T8o","T9o","J2o","J3o","J4o","J5o","J6o","J7o","J8o","J9o","JTo","Q2o","Q3o","Q4o","Q5o","Q6o","Q7o","Q8o","Q9o","QTo","QJo","K2o","K3o","K4o","K5o","K6o","K7o","K8o","K9o","KTo","KJo","KQo","A2o","A3o","A4o","A5o","A6o","A7o","A8o","A9o","ATo","AJo","AQo","AKo"],"ehs_mean_per_class":[0.497589,0.533146,0.570441,0.602037,0.631309,0.663804,0.694502,0.721469,0.749917,0.775535,0.799749,0.825683,0.853657,0.357640,0.371939,0.383403,0.377981,0.400592,0.407776,0.376964,0.396659,0.413402,0.429405,0.377141,0.399057,0.417693,0.436029,0.458983,0.399559,0.409847,0.429443,0.443324,0.463587,0.474014,0.422134,0.431457,0.436348,0.457374,0.471138,0.493105,0.514369,0.451601,0.460499,0.461706,0.467975,0.485219,0.500005,0.520097,0.539752,0.474298,0.482911,0.489209,0.500022,0.503776,0.526000,0.538671,0.556680,0.576781,0.501847,0.513676,0.521779,0.529333,0.537512,0.540416,0.564573,0.573932,0.591407,0.603912,0.528310,0.540399,0.548770,0.557923,0.566366,0.572636,0.583234,0.596384,0.619568,0.621756,0.634628,0.569579,0.578057,0.591264,0.596192,0.601903,0.611698,0.616579,0.627581,0.640952,0.654140,0.663148,0.671298,0.326230,0.330780,0.344252,0.344721,0.368098,0.379967,0.337437,0.362246,0.380964,0.401297,0.344294,0.368457,0.387376,0.406904,0.424544,0.371897,0.378075,0.390710,0.413764,0.430607,0.448471,0.385238,0.402159,0.407849,0.425787,0.445211,0.461922,0.476577,0.417114,0.422774,0.438718,0.439795,0.454046,0.481189,0.494354,0.514236,0.438927,0.455389,0.458889,0.474069,0.479373,0.504258,0.514614,0.532523,0.548814,0.469757,0.477881,0.490469,0.497579,0.510427,0.512380,0.536186,0.551762,0.573631,0.578848,0.502706,0.515940,0.522176,0.532385,0.543070,0.554633,0.560329,0.578071,0.593567,0.606012,0.615283,0.542591,0.558832,0.567494,0.576054,0.578038,0.588571,0.599415,0.602743,0.624364,0.635549,0.642214,0.654652],"equity_hist_per_class":[[0.027600,0.045900,0.303600,0.253600,0.147000,0.041700,0.019900,0.160700],[0.024500,0.033000,0.194700,0.313800,0.197300,0.047700,0.028300,0.160700],[0.017600,0.025300,0.112900,0.299700,0.233900,0.109900,0.030500,0.170200],[0.013800,0.015600,0.076800,0.222800,0.302000,0.159000,0.044500,0.165500],[0.010200,0.010000,0.050500,0.147200,0.362100,0.195700,0.055200,0.169100],[0.000400,0.012100,0.033300,0.094900,0.317600,0.259300,0.108200,0.174200],[0.000000,0.003400,0.023500,0.051900,0.271300,0.329500,0.134800,0.185600],[0.000000,0.000400,0.010600,0.041000,0.190100,0.388600,0.179800,0.189500],[0.000000,0.000000,0.006200,0.024800,0.125900,0.388500,0.247300,0.207300],[0.000000,0.000000,0.003200,0.022300,0.064600,0.333400,0.348400,0.228100],[0.000000,0.000000,0.002900,0.020400,0.049700,0.246900,0.424600,0.255500],[0.000000,0.000000,0.001400,0.014500,0.045300,0.139100,0.483100,0.316600],[0.000000,0.000000,0.001900,0.004700,0.042200,0.078800,0.464200,0.408200],[0.399800,0.046900,0.047700,0.181000,0.122700,0.027200,0.029500,0.145200],[0.387500,0.042500,0.046900,0.171900,0.133900,0.039200,0.029200,0.148900],[0.387600,0.040500,0.041000,0.151700,0.140900,0.048200,0.030600,0.159500],[0.395400,0.040700,0.040600,0.158300,0.134600,0.044700,0.030000,0.155700],[0.376900,0.038200,0.037000,0.137000,0.155700,0.058600,0.028400,0.168200],[0.378900,0.036400,0.035400,0.110200,0.162900,0.069800,0.036400,0.170000],[0.398700,0.037700,0.051700,0.141700,0.151500,0.045300,0.032200,0.141200],[0.392600,0.034600,0.038400,0.114700,0.168800,0.062200,0.030500,0.158200],[0.380200,0.033500,0.036100,0.099700,0.180000,0.068200,0.035400,0.166900],[0.366400,0.033900,0.035200,0.074700,0.198300,0.080300,0.037900,0.173300],[0.412700,0.039200,0.044800,0.133500,0.155200,0.046800,0.034700,0.133100],[0.394100,0.041800,0.036800,0.111700,0.162600,0.069500,0.035600,0.147900],[0.386600,0.035700,0.033800,0.095600,0.165900,0.083100,0.037900,0.161400],[0.372800,0.038100,0.032400,0.069600,0.176900,0.093700,0.043300,0.173200],[0.355300,0.037400,0.026800,0.039400,0.193300,0.116600,0.050300,0.180900],[0.318700,0.120900,0.048900,0.121500,0.146300,0.067700,0.042300,0.133700],[0.316100,0.122900,0.041100,0.100000,0.157400,0.080400,0.040300,0.141800],[0.302000,0.118400,0.038900,0.086000,0.158000,0.098000,0.045700,0.153000],[0.298500,0.110900,0.038200,0.069600,0.166400,0.108000,0.049100,0.159300],[0.288000,0.111000,0.032300,0.042000,0.173300,0.126000,0.051100,0.176300],[0.233800,0.163100,0.026800,0.033000,0.141500,0.167200,0.056300,0.178300],[0.198100,0.210800,0.079700,0.113100,0.117300,0.088900,0.048700,0.143400],[0.192400,0.207800,0.071200,0.106600,0.135800,0.091200,0.051800,0.143200],[0.193500,0.207000,0.072600,0.087800,0.143200,0.105300,0.044000,0.146600],[0.181500,0.199000,0.071800,0.070700,0.143200,0.123100,0.056500,0.154200],[0.178500,0.207000,0.061100,0.042200,0.143300,0.138700,0.058900,0.170300],[0.156400,0.208300,0.058700,0.029100,0.133900,0.170800,0.061700,0.181100],[0.158200,0.197000,0.049000,0.024700,0.089600,0.215500,0.076700,0.189300],[0.114200,0.239800,0.119700,0.111900,0.109600,0.100300,0.052500,0.152000],[0.101600,0.239700,0.118700,0.102900,0.122000,0.103900,0.056200,0.155000],[0.094000,0.250500,0.119500,0.082500,0.138100,0.106600,0.060600,0.148200],[0.082800,0.263600,0.118900,0.071700,0.129300,0.124300,0.052600,0.156800],[0.085600,0.246800,0.111300,0.055500,0.132200,0.141400,0.065700,0.161500],[0.087500,0.235800,0.115200,0.039600,0.112300,0.163600,0.071700,0.174300],[0.084200,0.202800,0.134500,0.030400,0.078100,0.206300,0.078700,0.185000],[0.086200,0.193000,0.125700,0.030300,0.047800,0.216200,0.101600,0.199200],[0.096400,0.224400,0.140200,0.119500,0.098700,0.104800,0.062100,0.153900],[0.076000,0.240200,0.138700,0.097800,0.109200,0.113300,0.070300,0.154500],[0.062900,0.247200,0.137000,0.085800,0.118400,0.124000,0.073400,0.151300],[0.043200,0.256300,0.141300,0.074100,0.121900,0.122300,0.081200,0.159700],[0.029700,0.254200,0.161800,0.055900,0.118400,0.143200,0.078900,0.157900],[0.037100,0.224100,0.161100,0.048100,0.098400,0.159700,0.097500,0.174000],[0.044500,0.193100,0.176900,0.039100,0.073800,0.185500,0.110700,0.176400],[0.047900,0.165300,0.175900,0.045100,0.048900,0.198300,0.128500,0.190100],[0.044800,0.132800,0.195300,0.047200,0.028000,0.177300,0.164500,0.210100],[0.054600,0.186700,0.188600,0.145900,0.088800,0.088800,0.096200,0.150400],[0.049700,0.190100,0.178200,0.120800,0.104300,0.102900,0.093000,0.161000],[0.040700,0.185900,0.187100,0.099800,0.120500,0.104100,0.102600,0.159300],[0.028200,0.204300,0.177000,0.087800,0.122800,0.111600,0.106700,0.161600],[0.012100,0.193000,0.200000,0.075400,0.122900,0.125300,0.110500,0.160800],[0.010800,0.192000,0.207400,0.075200,0.095400,0.141400,0.112900,0.164900],[0.015800,0.152200,0.220200,0.065000,0.076100,0.154100,0.138400,0.178200],[0.022800,0.145000,0.195900,0.079700,0.054400,0.163000,0.157100,0.182100],[0.028200,0.120800,0.191300,0.085200,0.042100,0.141800,0.187200,0.203400],[0.025700,0.105500,0.173600,0.113900,0.034600,0.112900,0.220700,0.213100],[0.016000,0.116900,0.229700,0.206300,0.091600,0.058100,0.136300,0.145100],[0.015000,0.114400,0.222600,0.173700,0.109000,0.070200,0.145500,0.149600],[0.010300,0.110100,0.224500,0.160000,0.116900,0.079700,0.146100,0.152400],[0.007100,0.103500,0.227600,0.145300,0.123500,0.086200,0.150300,0.156500],[0.005100,0.109700,0.225800,0.129600,0.105500,0.111000,0.152700,0.160600],[0.002800,0.119800,0.215800,0.130400,0.092200,0.119400,0.158000,0.161600],[0.004800,0.093800,0.236600,0.122300,0.078300,0.132800,0.164700,0.166700],[0.006200,0.095500,0.213500,0.131100,0.065800,0.123600,0.189900,0.174400],[0.006500,0.082000,0.191700,0.130400,0.057900,0.111200,0.214500,0.205800],[0.007800,0.083200,0.180900,0.132600,0.067900,0.087900,0.224900,0.214800],[0.005700,0.078700,0.163200,0.151200,0.059200,0.062700,0.244300,0.235000],[0.002600,0.064400,0.171000,0.283500,0.110500,0.039000,0.177400,0.151600],[0.002000,0.055700,0.171800,0.260700,0.131500,0.045600,0.177700,0.155000],[0.000500,0.047800,0.167400,0.239000,0.131200,0.069300,0.178900,0.165900],[0.000700,0.040800,0.173700,0.224300,0.135000,0.075900,0.184800,0.164800],[0.000400,0.032800,0.178900,0.220600,0.122600,0.102600,0.180300,0.161800],[0.000500,0.030100,0.168100,0.231700,0.099800,0.112200,0.194200,0.163400],[0.000400,0.033800,0.168900,0.229400,0.081800,0.124100,0.198100,0.163500],[0.000400,0.030500,0.170100,0.224400,0.073700,0.119800,0.210000,0.171100],[0.000100,0.033900,0.159000,0.210900,0.077500,0.097200,0.213200,0.208200],[0.000000,0.034000,0.146600,0.173100,0.107100,0.075900,0.241600,0.221700],[0.000800,0.026900,0.153100,0.155900,0.115200,0.066800,0.215900,0.265400],[0.001000,0.023300,0.153800,0.172200,0.097600,0.052600,0.210200,0.289300],[0.421900,0.044400,0.048600,0.191300,0.131100,0.037900,0.025700,0.099100],[0.428100,0.046100,0.045500,0.169100,0.135700,0.048000,0.024200,0.103300],[0.422400,0.038900,0.037800,0.157000,0.149100,0.063500,0.027700,0.103600],[0.420600,0.038300,0.038700,0.169200,0.143200,0.058700,0.028700,0.102600],[0.404100,0.039700,0.031100,0.154100,0.149600,0.071700,0.023800,0.125900],[0.399900,0.034200,0.030800,0.115400,0.182200,0.082700,0.029800,0.125000],[0.437600,0.039300,0.044100,0.148700,0.149800,0.058300,0.030700,0.091500],[0.420200,0.036700,0.034400,0.122100,0.172000,0.075700,0.035900,0.103000],[0.412100,0.035200,0.031600,0.099300,0.183900,0.079600,0.033900,0.124400],[0.398400,0.032600,0.028200,0.071700,0.205600,0.089400,0.039700,0.134400],[0.434600,0.044200,0.044100,0.137700,0.162100,0.062200,0.033300,0.081800],[0.415300,0.045500,0.034600,0.118900,0.165100,0.086400,0.038100,0.096100],[0.408500,0.040500,0.032800,0.097800,0.177000,0.092200,0.038900,0.112300],[0.400700,0.036100,0.027900,0.075900,0.184900,0.103000,0.044500,0.127000],[0.389200,0.038900,0.028200,0.036000,0.194400,0.126700,0.055000,0.131600],[0.340400,0.126000,0.044300,0.126200,0.144000,0.083700,0.042600,0.092800],[0.337300,0.124000,0.040500,0.112500,0.164100,0.088800,0.039300,0.093500],[0.337800,0.121000,0.034400,0.095000,0.162400,0.105400,0.044300,0.099700],[0.319600,0.123300,0.033300,0.069200,0.170000,0.118400,0.050600,0.115600],[0.314400,0.121400,0.031200,0.037400,0.177700,0.131600,0.060400,0.125900],[0.255300,0.169200,0.025100,0.023900,0.149300,0.175400,0.068000,0.133800],[0.212500,0.232500,0.077700,0.118200,0.124400,0.099900,0.048300,0.086500],[0.205600,0.221700,0.068400,0.108800,0.139500,0.110600,0.051100,0.094300],[0.203900,0.223100,0.071000,0.086100,0.151600,0.119300,0.046400,0.098600],[0.198900,0.219300,0.066700,0.072500,0.145800,0.126700,0.059000,0.111100],[0.180300,0.226600,0.061800,0.043100,0.155200,0.146400,0.069100,0.117500],[0.168300,0.231500,0.055200,0.032000,0.134300,0.175300,0.071700,0.131700],[0.179900,0.221900,0.045500,0.022400,0.088600,0.222500,0.079500,0.139700],[0.123000,0.262100,0.121200,0.120700,0.112400,0.107600,0.052800,0.100200],[0.104600,0.275400,0.123300,0.102400,0.123300,0.115400,0.055300,0.100300],[0.089900,0.281800,0.111600,0.087000,0.135200,0.125600,0.062500,0.106400],[0.088100,0.281200,0.121300,0.078700,0.134400,0.129900,0.061700,0.104700],[0.094400,0.272200,0.112700,0.053000,0.136500,0.142300,0.075100,0.113800],[0.085200,0.254300,0.116300,0.036400,0.115500,0.177800,0.079500,0.135000],[0.090500,0.225000,0.133900,0.029200,0.083100,0.206500,0.088700,0.143100],[0.093900,0.212900,0.129400,0.023000,0.047400,0.224500,0.111500,0.157400],[0.102300,0.253700,0.141000,0.128100,0.094700,0.114400,0.067800,0.098000],[0.077200,0.262900,0.140600,0.104400,0.106800,0.128000,0.074300,0.105800],[0.061800,0.272800,0.143600,0.087400,0.124600,0.132900,0.075100,0.101800],[0.038800,0.281400,0.146600,0.074000,0.126800,0.136300,0.085400,0.110700],[0.027700,0.284800,0.161300,0.056400,0.118200,0.147200,0.091000,0.113400],[0.034500,0.241300,0.169500,0.046800,0.102200,0.162100,0.117200,0.126400],[0.043300,0.208000,0.195000,0.037800,0.074900,0.186400,0.121600,0.133000],[0.052300,0.180600,0.182200,0.046800,0.051600,0.202300,0.135500,0.148700],[0.044700,0.148100,0.219300,0.042400,0.025700,0.185600,0.169400,0.164800],[0.055000,0.207200,0.201600,0.146200,0.098800,0.099500,0.093800,0.097900],[0.051200,0.207400,0.193900,0.134100,0.112500,0.104800,0.090000,0.106100],[0.039600,0.212100,0.204300,0.096400,0.122500,0.112300,0.102300,0.110500],[0.028600,0.217300,0.203200,0.088600,0.121700,0.122600,0.110100,0.107900],[0.010200,0.216900,0.211400,0.074100,0.117400,0.144100,0.114400,0.111500],[0.011000,0.206200,0.227000,0.073300,0.093700,0.155900,0.122000,0.110900],[0.018400,0.169200,0.235600,0.064600,0.077400,0.164000,0.140300,0.130500],[0.024300,0.151500,0.220000,0.075000,0.055400,0.167700,0.166200,0.139900],[0.029800,0.127800,0.208500,0.079800,0.039200,0.150900,0.192900,0.171100],[0.024000,0.110000,0.198600,0.119300,0.032000,0.127700,0.218800,0.169600],[0.015900,0.131200,0.242200,0.210000,0.090600,0.070700,0.136100,0.103300],[0.014300,0.124300,0.237800,0.187500,0.106500,0.077300,0.133200,0.119100],[0.008200,0.118200,0.239900,0.176400,0.112600,0.095000,0.141800,0.107900],[0.007100,0.115200,0.248100,0.144800,0.126000,0.093700,0.151100,0.114000],[0.005200,0.110900,0.240700,0.143100,0.111700,0.111700,0.162400,0.114300],[0.001400,0.122300,0.227900,0.131700,0.099000,0.129300,0.173000,0.115400],[0.002400,0.100600,0.253500,0.132200,0.078200,0.135900,0.179900,0.117300],[0.006300,0.090200,0.227200,0.146000,0.063300,0.141900,0.199900,0.125200],[0.008400,0.086100,0.215000,0.139000,0.057100,0.112800,0.223500,0.158100],[0.010400,0.086600,0.194000,0.134400,0.059400,0.088700,0.254000,0.172500],[0.005800,0.079400,0.187100,0.150500,0.062000,0.064900,0.250500,0.199800],[0.001400,0.063500,0.195500,0.300900,0.107600,0.047600,0.179700,0.103800],[0.001000,0.054200,0.187900,0.275200,0.122400,0.056800,0.185800,0.116700],[0.001300,0.047800,0.183700,0.257700,0.122600,0.079700,0.188300,0.118900],[0.000200,0.036800,0.185800,0.242300,0.135300,0.090000,0.193100,0.116500],[0.000500,0.027500,0.192700,0.248200,0.118700,0.112700,0.184400,0.115300],[0.000100,0.025200,0.182200,0.253500,0.101000,0.124100,0.204200,0.109700],[0.000400,0.028100,0.180100,0.243300,0.087000,0.130200,0.215300,0.115600],[0.000400,0.029000,0.191600,0.244700,0.070700,0.122600,0.216300,0.124700],[0.000300,0.030900,0.168700,0.224300,0.078300,0.109600,0.224600,0.163300],[0.000200,0.033000,0.163900,0.187000,0.102300,0.079700,0.250800,0.183100],[0.000300,0.025700,0.170500,0.176300,0.111200,0.072400,0.225800,0.217800],[0.000200,0.018800,0.173000,0.185600,0.095800,0.054600,0.219300,0.252700]],"classes_per_cluster":[[13,14,15,16,17,18,19,20,21,23,24,25,91,92,93,94,95,96,97,98,99,100,101,102,103,104],[22,26,27,28,29,30,31,32,105,106,107,108,109,110],[33,34,35,36,37,38,39,40,111,112,113,114,115,116,117,118],[41,42,43,44,45,46,49,50,51,52,53,54,58,59,60,61,62,119,120,121,122,123,124,125,127,128,129,130,131,132,136,137,138,139,140],[47,48,55,56,57,63,64,65,66,126,133,134,135,141,142,143,144],[0,1,67,68,69,70,71,72,73,74,75,76,77,78,79,80,81,82,83,84,85,86,87,88,89,90,145,146,147,148,149,150,151,152,153,154,155,156,157,158,159,160,161,162,163,164,165,166,167,168],[2,3,4,5,6],[7,8,9,10,11,12]],"cluster_labels":[["32s","42s","43s","52s","53s","54s","62s","63s","64s","72s","73s","74s","32o","42o","43o","52o","53o","54o","62o","63o","64o","65o","72o","73o","74o","75o"],["65s","75s","76s","82s","83s","84s","85s","86s","76o","82o","83o","84o","85o","86o"],["87s","92s","93s","94s","95s","96s","97s","98s","87o","92o","93o","94o","95o","96o","97o","98o"],["T2s","T3s","T4s","T5s","T6s","T7s","J2s","J3s","J4s","J5s","J6s","J7s","Q2s","Q3s","Q4s","Q5s","Q6s","T2o","T3o","T4o","T5o","T6o","T7o","T8o","J2o","J3o","J4o","J5o","J6o","J7o","Q2o","Q3o","Q4o","Q5o","Q6o"],["T8s","T9s","J8s","J9s","JTs","Q7s","Q8s","Q9s","QTs","T9o","J8o","J9o","JTo","Q7o","Q8o","Q9o","QTo"],["22","33","QJs","K2s","K3s","K4s","K5s","K6s","K7s","K8s","K9s","KTs","KJs","KQs","A2s","A3s","A4s","A5s","A6s","A7s","A8s","A9s","ATs","AJs","AQs","AKs","QJo","K2o","K3o","K4o","K5o","K6o","K7o","K8o","K9o","KTo","KJo","KQo","A2o","A3o","A4o","A5o","A6o","A7o","A8o","A9o","ATo","AJo","AQo","AKo"],["44","55","66","77","88"],["99","TT","JJ","QQ","KK","AA"]],"cluster_centroid_hist":[[0.404438,0.039208,0.038477,0.132123,0.158692,0.064312,0.032512,0.130238],[0.332607,0.096293,0.036121,0.077079,0.170179,0.101807,0.046586,0.139329],[0.193569,0.209112,0.060144,0.063388,0.133531,0.142300,0.059231,0.138725],[0.065683,0.239783,0.150617,0.086254,0.115840,0.127126,0.080820,0.133877],[0.041347,0.170665,0.190594,0.055288,0.059406,0.177718,0.137588,0.167394],[0.005804,0.068830,0.197476,0.191476,0.097630,0.091114,0.185804,0.161866],[0.008400,0.013280,0.059400,0.163300,0.297380,0.210680,0.074640,0.172920],[0.000000,0.000067,0.004367,0.021283,0.086300,0.262550,0.357900,0.267533]],"cluster_centroid_ehs":[0.384450,0.418042,0.448956,0.477604,0.542652,0.579023,0.627897,0.781342],"cluster_summary":[{"cluster":0,"size":26,"ehs_mean_min":0.326230,"ehs_mean_max":0.417693,"ehs_mean_median":0.377561},{"cluster":1,"size":14,"ehs_mean_min":0.371897,"ehs_mean_max":0.463587,"ehs_mean_median":0.426975},{"cluster":2,"size":16,"ehs_mean_min":0.385238,"ehs_mean_max":0.514369,"ehs_mean_median":0.446841},{"cluster":3,"size":35,"ehs_mean_min":0.417114,"ehs_mean_max":0.537512,"ehs_mean_median":0.481189},{"cluster":4,"size":17,"ehs_mean_min":0.512380,"ehs_mean_max":0.591407,"ehs_mean_median":0.540416},{"cluster":5,"size":50,"ehs_mean_min":0.497589,"ehs_mean_max":0.671298,"ehs_mean_median":0.585903},{"cluster":6,"size":5,"ehs_mean_min":0.570441,"ehs_mean_max":0.694502,"ehs_mean_median":0.631309},{"cluster":7,"size":6,"ehs_mean_min":0.721469,"ehs_mean_max":0.853657,"ehs_mean_median":0.787642}]}
